15896
34445
10563
8282
10629
7144
51820
19647
4051
56364
11000
27792
55659
58153
14138
37501
33592
26766
11660
64659
23082
47888
52612
45865
58964
29703
54791
50377
10343
15803
62045
7998
60951
21336
47262
19800
17975
10537
40965
4213
4218
4543
19343
49894
26859
57848
20377
11969
14555
30296
53188
29226
36823
26
16352
12489
60545
23599
63162
40976
16322
41504
36715
33691
64136
4308
46216
26234
47054
33763
31585
57313
16305
28992
64517
31694
30202
56734
6060
38102
56260
51541
6738
37359
19082
57553
106
15299
29582
3692
1632
18240
2821
16506
55258
30908
49065
59786
16438
31445
44679
37490
57110
26595
46480
10831
51958
13053
16032
32781
39774
22659
3504
42937
25600
11181
37120
44099
17619
33182
50813
18483
22700
37015
12184
60920
44735
28133
35250
59056
17260
23775
11779
64821
29941
63268
34382
3750
34907
22718
60507
64100
31947
52117
26356
5437
41105
45969
61639
18148
17338
41403
35245
59916
8881
50956
4708
65152
2230
29080
33618
5666
65163
42664
10596
415
39098
17523
17923
50243
37076
48244
22903
59460
27175
28294
63351
22937
2888
56036
54489
26152
48605
20531
41242
6716
11438
55631
42926
41088
45126
3757
26921
37201
27547
1829
46181
46663
32688
3629
61785
63650
34290
32794
35685
17440
53418
23065
52398
42996
56947
45523
12600
64785
25664
37308
48015
43133
12503
12744
14316
35266
34642
25212
33344
58675
60499
22635
51571
49150
32094
4763
47950
5350
62335
62664
25114
60556
19579
8704
64662
26451
38900
53806
899
22976
39768
37003
743
12973
26399
47006
39335
30014
50558
60409
23939
23356
50467
65270
9416
63452
58670
57685
16360
62227
25034
57394
64614
14998
21910
45180
46505
39951
19149
4909
10389
29705
6962
35380
28995
35456
48643
30900
24652
61929
45980
37850
54332
41797
58690
4585
46213
33365
2333
1444
39922
5181
21745
43821
20814
10513
43451
39680
54239
62021
32170
17965
1822
60678
60576
22159
19270
56372
16469
31920
32783
651
25619
28088
53646
24202
31665
52301
7630
55115
54622
2533
59830
55223
47402
63790
32359
36075
62293
28626
31396
59719
5735
31862
36666
16294
17251
1941
16207
5698
10242
16631
59069
3724
59469
45616
24301
2962
55628
51033
55008
15137
35081
54249
41652
13131
15374
10447
19248
56959
11621
31920
13267
40976
53919
22012
3854
41538
46420
8775
43441
4622
7648
23990
35227
41932
33564
29189
30105
54056
8144
32175
22062
10440
3010
55897
26209
27749
4832
15692
24938
5093
17516
36460
5040
49847
52533
55585
23649
6442
20110
61584
32238
64924
9845
54237
26688
35185
22569
33349
5400
46666
15846
38817
54905
11480
24678
45847
42462
21070
44510
45324
47734
3142
29779
10645
25056
6365
37082
21368
54071
14912
664
27681
21748
34370
48068
33832
1131
41913
6234
8550
7855
40217
47148
32882
12269
45468
46256
31391
46256
31059
55426
45342
49578
3114
58200
48146
18280
13601
14236
50051
43368
8576
64142
16986
8274
17493
37909
20250
52962
10448
11071
54635
30174
50897
48961
50326
17975
15401
36330
37997
48767
63233
50899
16829
43952
51921
63991
18379
417
50580
5998
19323
5950
5784
16464
28969
628
59363
38336
24069
2374
42651
54650
776
58840
6835
4814
47353
35746
39530
37521
17497
8652
8016
36779
52175
33500
36991
63444
1607
6710
1321
31666
11532
54540
25464
18084
64747
52191
42590
30708
5383
40182
22929
56362
48574
19454
55806
12688
60220
6450
33337
28929
41213
44973
49883
37892
37741
26759
58832
17827
34125
9245
52774
60352
52765
28105
56295
52839
16208
40296
26962
36998
11793
26334
21641
9556
20740
34649
13023
22113
56055
56248
8556
25376
24344
20614
28171
21312
38751
35691
21514
1045
48265
32144
52633
32376
18060
59052
38415
43187
20283
12144
15893
20151
31972
30810
63885
54607
612
44307
13407
49731
31745
22004
7912
53000
62956
36290
10576
11379
22945
21244
46704
22464
39980
38666
22470
47810
63220
15297
21525
54793
424
15902
34427
58114
56343
52492
17324
26924
35998
500
41819
54124
428
30632
36021
33966
40098
32913
14925
36012
4324
16321
40082
61962
38032
16188
23965
34081
43120
12680
7847
33407
904
39574
27270
37855
49942
62902
25036
20000
54221
14552
12403
26955
29447
2488
19212
6287
41135
42398
26127
2628
49938
172
15776
22291
38614
29707
811
39478
46422
64398
37008
24294
36007
24888
2839
16278
1320
14357
8828
30192
21124
30251
36604
5528
34853
12094
23663
56156
38191
5577
13371
60706
51403
15740
31933
24735
3726
14473
22281
5711
47875
14340
21322
55027
11150
54486
62886
35586
14699
41915
45254
26713
49141
39011
60656
39512
20570
31657
43701
61084
56142
41956
45891
41991
14830
38411
32335
32255
21586
61423
43730
35310
21654
49243
19600
42096
10851
24303
22763
15709
19419
39910
8706
20858
28429
17785
19430
13548
8575
7637
48415
63072
936
24428
15767
42715
49942
22197
20051
12540
6511
48534
3218
6996
24241
52960
64749
16220
3277
13546
31385
18701
46931
22112
21669
36161
59039
15719
15102
13848
20534
40997
57194
59366
34982
64576
49110
17905
25630
24999
6060
18368
19586
27123
24890
13579
17476
63827
36692
43806
42710
8783
60936
360
59534
53076
40982
12240
12924
29082
29142
26382
12582
48541
14816
30020
25064
40799
0
58968
38816
52544
27769
21441
63258
19600
40977
16751
54338
32898
6571
8361
19657
63491
3054
64900
18985
45610
54656
2795
28060
24949
52347
47993
58180
52218
23147
38422
61602
37023
26027
11038
25468
46951
8037
56748
37984
47875
44839
62268
8304
29924
36452
5545
39962
8316
11019
10239
31141
46944
4515
45153
1340
15301
10332
53381
25362
15059
44709
44324
50430
20843
49968
35744
53846
52712
11768
54861
24752
31982
24774
39697
58652
12336
57096
8365
23877
55557
6625
31685
9579
63333
57251
61814
13572
17725
41529
47338
26334
42921
28399
51980
48257
39032
40931
54994
22043
3020
15338
50296
8771
50421
4580
2560
63976
41979
53199
14927
65199
36845
22879
60897
5066
45682
11489
23370
15396
1007
46361
38389
33803
1801
31355
36335
63851
45697
33598
9093
37759
11186
8055
12279
60108
11960
27028
33047
19332
64847
64560
56159
10377
59339
39065
1089
54013
3429
36295
12362
52092
45001
47676
32149
7498
25250
42087
7704
13078
